47	307948
151	39214	67139	84702	115610	315424	376231	450385	485303
162	125656	338778	441464
177	31790	297966
273	21911	211330
289	126807
323	2033	35044	87372	93137	137117	191582	208203	253032	448093
499	82709	240347	364371
515	9399	70150	260017	466181
562	14573	174504
689	9644	253731	452663
766	122782
797	20997
965	11652
1020	109044
1112	108399	234887	386569	389269	475784
1162	407211
1180	122312	306491
1185	13782	85312	85962	121656	256403	357912
1278	3895	32267	33571	47332	50453	53917	72301	74147	181866	250487	251410	271667	298778	300569	342169	347254	364650	407247	426867
1322	162739	194123	216710	235961	292229
1323	145381
1379	5745	26301	42492	120046	137375	159084	200964	205200	237361	272174	303132	306943	336661	341597	344307	383310	390496	400828	404574	410349	439922
1478	29888
1488	21489	57131	79353	134608	247927	403761	456368	459982
1617	112847	128372	173904	182597	188016	220075	248057	250255	288390	319283	348201
1695	485049
1763	333783
1776	345505
1916	55793
2059	118909
2216	100192
2221	155044	206950
2228	59756	69283	84634
2288	189598	490448
2450	116719
2768	351795	385742	418511
2780	9421
2851	33437
2889	401073
2930	68898
2970	225263
3160	12535
3185	227061
3367	4640
3406	37367	227485	385945
3481	463160
3500	72375	178291	181884
3536	189198
3633	41321
3675	249252	326792	395619
3730	29390	125537	200265	246634	254935	284587
3762	88756
3849	71471	442760
3983	102904	186132	332790
4057	267074
4197	115554	254203	328524
4317	96926
4827	310905
4837	261025
4905	392045
4949	241797	404584	418188
5036	295715
5076	297658
5161	453838
5194	354598
5421	470958
5583	25901	68015	151657	366599	386507	428022	464575
5740	442725
5753	22276
5804	22417	425839
5868	300631
6002	132339
6056	472088
6316	413656
6672	387631
6973	39191	177864
6991	145961
7091	256619
7283	239108
7350	293661
7377	70151
7489	258284
7538	472035
7762	28373
7774	132413	228158	417516
7799	288077	418034
7836	394775	396590	433457	462472
7904	318858
7994	420423	481911
8009	136516	176522	213913
8359	458862
8388	219335
8411	295567
8776	354434
8831	82216
8925	119814
9099	35734	39869	119953	122144	126761	187697	215638	222768	227753	231547	232131	245700	300027	313501	447288	493995
9213	295907
9214	95517
9291	396577
9341	60653
9439	95843
9440	273705
9645	183633
9689	360472
9793	81451	249161
9817	398967
10586	431950
10786	218863
10790	169102
10851	417251
10857	254850
10876	75543	375732
11056	99054	363001	383236	472138
11091	278764
11398	489099
11752	57069	297512	480229
12040	79496
12180	470660
12241	295807
12538	438584
12563	106069
12643	306379
12757	340399
12874	95733
13016	451041
13132	307410
13183	359818
13264	71896
13469	54428
13563	300550
13608	104699
13662	73711
14205	448224
14283	380127
14485	60190
14740	215918
14888	19138	19551	22391	32392	32547	41468	51508	134087	162604	204295	218692	231239	247107	259413	261094	270621	271058	283623	306348	339554	346128	441450	449297
15232	338463	425951
15258	402750
15314	114758
15987	415581
16083	475810
16127	79250
16149	460021
16514	358434
16700	87870
16833	31849
16834	376250
16939	86485
17053	162198
17062	481387
17533	198363
17584	490196
17688	121207
17691	385590
17722	422276
17733	441262
17804	142743
17985	425036
18065	387658
18152	167709	292655	483052
18255	147724
18420	172584	377727	411267
18478	296262
18773	461353
18777	275386
18786	43693
18792	320291
18826	249936
18877	339137
19002	134505
19149	372325
19296	404475
19326	255289
19812	345818
20016	370578
20238	474853
20406	343910
20623	301714
20873	483488
20952	206081
20967	438386
20979	46700	202414
20984	348928
21064	257720
21168	279700
21310	154330
21442	111895
21572	39402
21643	340930
21982	257580
22011	437852	484326
22068	119930
22072	379842
22162	120364
22530	287719
22648	200968
22920	405249
23103	88452
23439	172162
23688	27177	307456
23868	305620	365217	469703
23882	173293
23905	366727
24134	34815
24151	474542
24191	133992
24342	390213
24535	360377
24579	466317
24617	381693
24758	36397
24761	319018
24782	465355
24827	148948
25207	84027
25220	157900
25225	312565
25263	404622
25297	279208
25747	296790
25780	435304
25909	223230
26258	368225
26485	454407
26885	485112
27027	336897
27142	425823
27165	204900
27202	251067
27354	135259
27478	245208
27922	421502
28038	484206
28159	85828
28342	193541
28740	28741	84751	282650	313621
28746	337862
28975	162945
29000	456000
29047	113115
29356	264658
29473	423319	451599
30041	441884
30067	459688
30091	182019
30248	336527
30345	98968
30578	285010	303734
31113	412206	430936
31319	491371
31358	409056
31360	382240	425870
31717	466313
31765	329404
31994	162361
32245	256442
32280	381160
32439	203729
33007	368262
33617	264735	321151
33653	358982
34099	379540
34323	394185
34392	248043
34405	131870
35178	164986
35558	235156
35582	316161
35628	202885
35834	433589
35901	441412
36240	325023
36265	393625
36596	38732	61685	109826	225238	278869	490318
36652	116109	211911	370560	387789
36902	88412
37040	405170
37265	311717
37358	275217
37544	188143
37581	314245
37762	133872
37901	136521
37963	309611
38085	264918	359986	449566
38178	173971
38182	373558
38398	99359
38616	123796
38733	262832
39086	41660
39125	247582
39129	429828
39133	338037
39379	180365
39783	152672
40139	487758
40279	69191
40535	441268
40724	206885
40763	272186
40823	493670
41190	144597
41413	485479
41533	327681
41796	103545
41867	303238
42115	279765
42262	462336
42269	350934
42331	231520
42351	216910
42575	368949
42799	453647
42814	225398
43315	214563
43361	123647	343219	472168
43433	410292
43508	303920	473994
43859	316677
43954	315312
44241	315233
44300	456091
44342	230853
44511	441390	464052
45002	231724
45076	485020
45146	349525
45198	466542
45445	320185
45651	337746
45654	287673
45676	386687
45976	477257
46407	367361
46568	116346
47041	195519
47134	314074
47470	174748
48049	489648
48141	336403
48300	223311
48346	376766
48588	234214
48687	204459
48863	246869
48957	374419
49195	165718
49536	176668
49719	60885
49841	68963
50677	436564
50763	316887
50849	226557
50976	410867
50993	105666
51078	312642	399423
51108	478241
51179	308731
51271	360611
51335	453710
51356	154668
51410	281485
52140	310032
52615	255840
52779	264450
52876	282241
52987	299544
53587	252538
54199	390721
54875	279680
55721	449779
55973	106292
55979	396711
56458	208329
56978	74661
57004	450682
57117	299062	344282
57264	88264
57265	379917
57334	309190
57458	76039	314768	413035	481748
57623	382871
57921	459065
57978	423941
58307	147548
58311	66399
58521	360528
58617	490441
58647	230108
58998	188191
59276	367191
59505	433488
59774	207478
59801	423338
59885	61960
59947	100493
60191	78679
60290	485207
60464	89608	336751
60576	280203
60678	436091
60727	99821	165137	275068
61090	170950	437749
61431	206118
61533	468120
61723	476471
62752	245597
62811	127137
62885	165435
63304	384171
63382	349972
63552	158447
64043	181644
64249	185462
64401	324116
64445	286199
64487	229888
64576	339824
64716	381531
64835	132515
65140	288975
65393	251071
65758	470440
65846	77445
65891	170319
66141	232150
66155	460758
66184	173436
66564	234373
66639	176454
66652	481486
66673	268362
66714	144997
66760	402391
67340	331471
68176	130846
68269	215776
68537	167300
68624	303867
68808	297988
68882	295437
69140	130155
69300	285919
69382	355248
69476	476508
69547	413498
69599	161368
69865	420034
69969	397917
70017	327880
70080	281600
70159	458219
70169	487670
70172	165713
70245	254091
70246	149538	410920
70433	409952
70618	457928
70656	341171
70703	260840
71188	361212
72103	471409
72135	152763
72333	281988
72519	127356
72671	101334	281514	428206	432343
74347	376266
74437	486854
74517	114319
75147	329164
75918	154474
75980	419792
76005	448198
76038	106491
76125	380071
76275	436606
76644	331400
77077	447352
77165	431023
77199	157366
77461	286169
77468	458026
77584	461808
77634	480191
77640	169694
77651	472903
77744	94305
77824	78567
78521	310178
78888	231789
79184	464447
79199	237684	290848	336854	390538	430071
79208	190715
79802	338727
79946	366677
79999	308379
80331	344100	417953
80358	326688
80362	477204
80584	462130
80586	444132
80737	106416
80799	458591
81182	135448
81335	145108
81395	160176
81796	429092
82133	402484
82565	133981
83325	446731	470978
83392	485723
83488	290242
83524	301894
83643	180652
84814	453135
84918	239358
85038	440597
85044	378634
85128	450178
85159	122912
85240	462497
85443	219866
86074	279061
86834	184590
86946	325654
87142	312136
87336	441888
87571	285991
87649	489183
87906	150470	413582
88177	262340
88218	132002
88310	435834
88450	457407
88528	457338
88836	168112
88879	297620
89087	248950
89158	489311
89468	349509
89569	440575
90188	106493
90254	253225
90756	172783
91383	384219
92065	368156
92078	416227
92146	464566
92518	232546
92726	435289
93111	215229
93447	290733
93766	261282
93834	386021
93940	358572
94477	298989
94559	450264
94584	351226
94748	481758
94977	126380	265187
95021	175783	238154	280365	382144	460540
95265	479521
95337	299624	441401	444208
95537	454506
95609	109933
96196	261496
96223	319983
96246	354783
96395	313994
96518	304543
96570	204374
96686	143396	182509
96902	276634
96940	121062	387641
97061	103550
97063	305143
97189	431613
97211	195723
97854	350141
97860	433615
97924	413174
97989	367672
98225	322645
98377	154581
98757	172731
99016	383108
99203	114298
99550	487401
99778	249891
100000	284375
100140	222383
100220	230374
100358	105555	149259	172530
101029	397225
101191	304097
101438	258397
101883	443959
102042	485005
102048	166205
102240	269631
102356	342199
102431	403237
102450	119093
102496	384288
102777	482896
103052	390805
103183	479200
103444	232233
103519	446294
103622	446300
104031	304945
104804	251285
104814	390596
104908	153261
104983	309911
105015	448125
105305	393700
105626	415446
105628	490304
105848	163628
106006	393178
106178	489744
106257	459961
106324	451427
106876	133551
106914	322690
107361	432804
107626	485422
107875	441580
108006	149603
108047	271989
108217	235849
108471	170389
108538	259470
108561	387605
108826	297677
109046	117555
109046	117555	423813
109244	471974
109370	392944
109533	302633
109694	185521
109723	123879
109744	449557
110038	221682
110463	256599
110728	142589
110796	309948
111371	126586
112023	322665
112057	345306
112321	149471
112367	246234
112609	371860
113049	183572
113062	213433
113268	231746
113333	396770
113761	408374
113809	216174
113896	478262
113967	460564
114488	177770
114937	200408
114971	476238
115365	267053
115435	277095
115635	131467	447344
116009	193243
116203	327905
116536	257551
116973	428148
117191	203997
117590	250122
117757	239004
117781	402764
118379	132092	207888	466146
118486	187014
118607	352894
118673	207504
118717	153410
118852	420890
119098	398510
119287	439744
119503	272471
119590	463769
119741	156924
120224	197020
120896	186975
121184	423854
121235	482349
121257	405257
122316	170761	323057	432647	468779
122397	262064
122610	432952
122780	251263
122965	428885
123056	390287
123204	309346
123303	268530
123455	481883
123815	232194
124104	226184
124573	234679
124578	408455
124758	488699
124786	300059
125934	165899
126335	463201
126492	487678
126836	138245
127011	445006
127713	169997
127978	378411
127984	225154
128231	403091
128339	236388
128853	382586
129733	170063
131290	328843
131345	224360
131539	455327
132134	344438
132503	429234
132686	284103
132794	393050
133234	167271
133516	189687
133648	296399
133791	241694
133794	447096
134675	279253
134911	416179
134920	330548
135268	282395
135440	342609
136707	383908
136854	440362
136861	299490
137072	252001
137320	432222
137361	213035
137409	313051
137653	452299
137985	471466
138284	458908
138327	469858
138416	473844
138539	182199
138781	376652
139004	489797
139395	152865
139749	198911
139780	367100
139900	364518
140190	357725
140225	336933
140705	144989
141508	435455
141640	280992
141865	468450
142197	151951	345565	492070
142418	274247
142578	480574
142926	394938
143344	455529
143385	349729
143504	170536
143600	228291
143845	271996
143951	261597
144006	299478
144430	357273
144671	203365
144858	307263
144935	422759	476931
145224	425533
145656	266098
146507	301485
146655	283988
146758	440162
147046	469078
147234	434523
147322	390187
148479	223946
148549	315943
148850	397421
148906	368639
148918	465208
149494	440542
149532	451869
149550	180279
149857	358500
149965	440439
150141	486774
150590	412505
150704	309859
151280	265452
151304	463099
151508	290933	330397
151680	219673
151882	276446
151920	439302
152081	241261
152843	362763
152946	348437
152989	313608
153039	365068
153132	264543
153286	320788
153317	388517
153665	400616
153785	447602
153915	317823
154002	361081
154504	388419
155311	313518
155601	325329
155776	466737
155909	449340
155931	353301
157187	455639
157786	193906
157939	493008
157977	446233
158651	433752
158753	458118
158976	333777
159019	492644
159155	194178
159322	483843
159439	482241
159754	330308
159974	373498
160438	281484	284789
160799	292028
160949	449541
161101	187655
161209	474822
162401	390066
162606	214988	248450
162961	478259
163142	189372
163167	489469
163374	469566
163955	216434
164107	476882
164458	413927
164690	227105
164975	273585
165897	399677
165971	205312
166802	235391
166958	490788
167156	299502
167302	273361
167312	460173
167634	360978
168426	264224
169412	297869
169620	397964
169671	296445
169847	245568
169853	441663
170112	259348
170587	329545
170621	454377
170633	374061
171076	345318
171203	249272
171297	429322
172192	440824
172572	258890
173326	301415
173756	260802
173996	393748
174056	387194
174177	487574
174314	312571
174668	243526
174793	283546
176102	197054
176794	317048
177024	361197
177122	304934
177263	466050
177339	363724	462273
177356	478526
177372	410589
177869	370532
178214	230742
178246	409990
178620	186648
178695	351921
178871	233267
179067	426679
179073	381790
179284	188476
179973	444048
180186	278599
180447	223535
180903	358287
180905	492454
181002	318385
181018	302965
181247	206651
181374	429707
181754	253084
181888	216831
182118	214588
182837	331287
182942	374559
183048	216458
183232	356355
183307	452291
183378	474260
183476	482077
184631	493796
184707	423731
184892	242497
184976	246155
185303	487660
185366	298042
186083	485880
186884	488157
187234	234714	361701	371823	410001
187411	218794
187608	380220
187833	330286
187875	290679
187996	464340
189341	407684
189508	359780
189566	202459
190254	436325
190859	218026
191051	203021
191355	303772
191814	361562
192432	236666
192445	322203
192722	294138
192993	231105
193413	417946
193703	384838
194044	351055
194050	393832
194212	359029
194276	415773
195066	490622
195531	490407
195675	313806
196198	223634
196260	217367
196724	333903	432828
196973	365742
197000	262963
197167	490367
197511	270114
198310	245063
198499	489716
198614	215615
198617	335118
198670	285629
198855	247987	252922
198959	482328
199041	428073
199454	460486
199714	471184
199786	261948
199787	426185
200069	344471
200709	400199
201148	450090
201774	287887
202001	289029
202018	338783
202412	431770
202652	301760
203240	322351
203741	309634
204555	335358
205274	319047
205872	432103
205998	412811
206298	232794
206794	489994
207425	426618
207627	223761
207673	334049
208260	379754
208262	250747
208309	209707
208514	373871
208839	456149
209223	288673
209431	460561
209445	456413
210295	415483
210420	342501
210615	460480
211175	416447
211436	261029
211558	222739
211591	471785
213246	413585
213762	477458
214125	256146
214237	378171
215378	428808
215404	481191
215710	431130
215896	395338
216245	270927
216357	331388
216527	257159
216754	347243
216756	437319
217216	446094
217645	339179
217909	238303
218289	271716
219207	379338
219364	392324
219553	315460
219651	269996
219891	369394
220034	354286
220381	411922
220681	444325
221180	317614
221439	229629
221968	331363
222048	451608
222205	445939
222435	303814
223247	382042
223420	389571
223725	477133
224298	283898
224820	332411
225437	368765
226014	248036
226040	319121
226139	486059
226250	247262
226584	274728
226641	493795
226818	487489
226852	471569
226864	248715
226924	261221	483008
227793	483320
228009	476862
228653	336268
228654	365056
228754	308260
228954	294858
229051	313934
229170	486324
229239	454048
229727	432544
229856	295262
230009	312160
230100	341791
230391	488645
230954	418859
231328	480455
231587	348277
231642	294974
231920	258728
232777	393008
233519	458913
233645	455575
234100	491903
234545	336647
234675	344738
234878	410863	449506
235215	486927
235287	406799
235425	377061
236124	467370
236302	442618
236493	376943
236677	411155
236869	245375
237008	257833
237160	342950
237171	283949
238708	458759
239423	344318
240190	477885
240501	251475
241317	404745
241464	321878
241639	320283
242747	288267
242807	489914
243873	452896
243892	287190
244844	437998
245147	293811
245504	332198
245842	313212
246002	349704
246302	454256
247084	480048
247323	396172
247721	306339
248102	415332
248553	445204
248636	475839
249128	449588
249171	321036
249376	392550
249711	490707
249854	485165
249872	316749
250082	427498
250113	382650
250193	289608
252076	260301
252386	364997
253193	448063
254325	285844
254508	422764
255138	325463
255198	442538
256161	268219
257678	345514
257752	321823
257922	484995
258075	267804
258745	378765
258840	432680
258858	482717
259008	302894
259262	372404
259500	388825
260014	396190
260276	392680
260873	422009
261165	262983
263008	453052
263272	397233
263302	304891
263961	442127
264335	388285
264522	391890
264597	457607
264956	478281
264992	493637
265254	288037
265543	452979
265841	328453
266036	284269
266801	361334
266857	282520
267447	475960
269005	476630
270241	490603
271031	306519
271479	407102
271603	468719
271977	488064
272275	397059
272706	325034
272809	375347
272833	462663
273359	371534
274143	383163
275331	422504
275664	304998
276844	398641
277642	450339
277985	419244
278193	364988
278213	425536
278331	403892
279067	291262
279489	435173	450952
280233	432929
280309	477833
280565	320921
280710	433655
281026	426912
281347	490302
281367	470072
281388	404147
282896	358628
284164	437465
284318	474724
284422	412860
286152	423246
286465	430365
287612	487142
289433	415401
289544	435448
290140	398417
290142	492951
290512	390050
290711	436831
291168	463652
291215	348483
291359	490954
291373	468819
291395	443001
291460	488954
291621	396435
291622	420639
291886	350741
292278	416062
292383	414032
292425	304380
292578	357365
292632	346349
293152	386714
293258	356807
293319	473170
293425	422884
293698	352151
294065	320058
294357	313866
294404	429964
295177	481262
295188	360525
295577	473713
297040	483991
298545	437942
298568	305359
298718	300532	317570
298855	333555
300160	480301
300436	421462
300930	434914
300975	466830
301965	360710
302272	411272
302340	403601
302672	356619
303350	303507
304166	386178
304280	325300
304282	315064
304682	451317
304798	363241
305224	465022
305507	308917
305604	325800
305808	380001
306138	388736
306257	338635
307546	455270
307868	404151
309232	343136
309566	368731
309655	474798
309750	389537
311046	340559
311067	330992
311235	414777
311441	353020
311587	316254
311679	484286
311833	489333
311955	364272
312376	492887
313571	376378
313588	380279
313688	316880	485094
315188	423227
315488	477075
315622	377253
316783	318132
317510	392187
318390	426620
319177	453388
319716	332788
319887	392571
320629	353396
320878	331793
321382	483534
322726	360082
322762	478383
322836	336644
323219	427742
323295	479559
323689	437528
324475	463679
325235	330292
325653	476332
327269	361314
327623	475827
327626	489106
328320	434949
329067	377881
329366	355818
329718	373723
330828	340287
331232	435195
331704	372053
331855	435838
332136	476672
332452	433253
332727	402984
333438	428032
333571	360345
334265	379363
334352	446878
334696	439960
336072	486632
336148	412051
337212	375991
337346	419934
337850	438437
338411	380864
338873	471681
339258	456599
340746	364025
340750	404254
341681	485892
342122	347991
342235	474345
343047	416664
343276	358932
343443	435284
343466	454619
343991	465623
345201	372409
345258	382508
345337	373714
346745	452579
346771	489084
346815	361703
346994	478928
347926	493299
349074	417732
349630	488399
350656	475539
350932	471918
351398	476965
352295	439658
352668	490766
352853	493353
353943	397288
354067	444429
355621	402296
356259	378085
356515	421327
356552	397996
356557	382039
356735	442005
357305	481478
358033	441647
358621	403973
359196	372552
359990	447601
360128	473237
360407	470862
360499	373945
362264	459302
364467	387508
365360	449995
365938	490041
366924	405669
367014	414824
367049	477597
369031	421275
369346	383235
369883	455912
370531	414448
370818	476737
373803	401315
373878	386868
374210	403089
374618	445695
374715	399558
375996	395415
376234	481090
376549	458559
377622	424428
377998	429584
378092	462237
379724	485985
380067	465123
383204	423301
383213	473654
383321	392162
383393	411730
383736	471632
383850	424458
384388	421052
384390	446779
385129	469967
385917	453706
386307	469603
386958	413173
388249	405007
388319	454788
389394	469860
390844	420779
391040	464537
392035	463609
392755	484410
393234	462286
394536	467506
398785	477032
400428	436356
402839	445993
403260	432996
403505	431393
403926	493377
404538	458586
404856	484989
408105	483333
408448	454961
411000	482374
411479	475014
411793	414354
412017	415855
412053	478066
412800	434670
412868	490094
413070	420426
413182	489054
414801	493862
415481	418008
416449	475606
419299	490267
420616	469152
420673	434246
420811	459450
422166	442401	455749
423321	459343
424715	432024
424939	441419
425547	470126
426225	426607
427798	445749
427911	476583
427981	448300
429000	435187
429154	481348
430814	447192
434628	481925
435830	490619
435831	440324
436913	453134
437110	461573
438995	473418
439596	472716
440211	454152
440663	470068
440983	446972
441131	472902
441743	467354
442695	459651
443056	455673
443156	473868
446098	465785
446103	448090
446559	485185
446604	461968
447535	488970
450771	487959
451223	489104
455299	481740
457384	459884
458306	490798
458924	462386
459249	485781
462896	469537
463587	479262
465070	491367
465157	467489
467348	468122
467654	475451
469097	470613
473010	483563
474741	475837
476582	488177
476923	486904
478362	491828
